#Pos	Phred	prob	A	C	G	T	N
0	<	0.0321826227302789	155530	134416	151945	173773	0
0	A	0.9552300316502742	4478352	4950885	4369652	4474971	0
0	,	0.012586509250967208	63937	51125	65169	60553	0
0	F	8.363684796974688e-07	4	4	6	2	0
1	A	0.9550155554082618	4301763	4424858	4754628	4788508	0
1	,	0.009573544075887057	46189	29127	49885	57944	0
1	<	0.03179622049265867	149718	111604	161511	185439	0
1	F	0.003614680023192498	21982	16304	17638	13226	0
2	F	0.8924614658904888	4250041	4489122	4392864	3941050	0
2	,	0.008069439911211122	35780	27316	47040	44235	0
2	A	0.0739665987883948	335815	332481	387574	359135	0
2	<	0.025502495409905238	120904	102919	136734	127314	0
3	F	0.9405083259436693	4525105	4684962	4397706	4384456	0
3	A	0.03769037053423664	181290	160158	180787	198794	0
3	,	0.005497763655231349	25627	17916	27466	34165	0
3	<	0.016299567116584122	79104	64003	78503	90206	0
3	#	3.972750278562977e-06	0	0	0	0	76
4	F	0.9543548765823308	4360685	4901732	4383887	4610814	0
4	A	0.028981213282116915	128915	127354	135920	162231	0
4	<	0.012491215517311678	55213	50299	58656	74793	0
4	,	0.004171230973401182	17334	14475	20228	27760	0
4	#	1.4636448394705704e-06	0	0	0	0	28
5	<	0.011606337665791756	51944	44888	57621	67580	0
5	F	0.07704610753064088	337617	353026	376548	406726	0
5	K	0.8828634580365706	4194532	4385449	3960476	4349007	0
5	A	0.025099261256631096	115713	106606	115316	142522	0
5	,	0.003384260507035845	14536	10618	16235	23353	0
5	#	5.750033297920098e-07	0	0	0	0	11
6	F	0.06544562444420701	284065	307450	331237	329244	0
6	K	0.897288043840763	4203075	4568184	4224211	4169941	0
6	A	0.02322025492093077	107254	101130	112884	122943	0
6	,	0.0031675365247342386	13446	10769	16825	19556	0
6	<	0.010878540269365014	47913	44082	57789	58326	0
7	F	0.05823429859316549	268527	292854	283133	269527	0
7	A	0.021062528789371263	106761	95658	94410	106104	0
7	K	0.9082611460213638	4669278	4577923	3982936	4145193	0
7	<	0.009740608679706627	45186	45345	48797	47013	0
7	,	0.002492900799798268	11912	9098	11919	14761	0
7	7	0.00020067616209741142	849	820	1187	983	0
7	(	7.84095449716377e-06	3	39	99	9	0
8	A	0.02145394923786968	107341	83998	116861	102221	0
8	F	0.052215059190842766	234272	230937	281546	252136	0
8	K	0.9131276605665435	4633938	4222256	4640287	3971947	0
8	<	0.01018790899725483	53100	33713	56714	51371	0
8	,	0.0029093600296576263	14434	8296	17255	15672	0
8	7	0.00010386651057242941	472	290	808	417	0
8	(	2.1954672592058556e-06	9	7	16	10	0
9	F	0.0541783819239026	241960	238957	276539	278994	0
9	K	0.9137169344335203	4557189	4206438	4296330	4419744	0
9	,	0.002642663030694096	12312	7409	13520	17314	0
9	A	0.020015604544909957	97721	76556	97276	111352	0
9	<	0.00933570178947309	42228	34288	50892	51187	0
9	7	0.0001089892675105764	508	436	704	437	0
9	(	1.7250099893760294e-06	0	5	28	0	0
10	F	0.053620105963704534	240759	236450	306438	242123	0
10	<	0.00978101573188201	44404	35701	62639	44370	0
10	K	0.9125063433321882	4464597	4254521	4703645	4033779	0
10	A	0.02037445889573015	99377	78384	113836	98173	0
10	,	0.0036089299898945776	18655	11362	22237	16786	0
10	7	0.00010820517206086002	493	424	758	395	0
10	(	9.409145396596524e-07	0	5	12	1	0
11	F	0.053379702298821496	237502	246502	283531	253636	0
11	K	0.9129576164000149	4444728	4441920	4465047	4113480	0
11	<	0.009642178564252231	42874	38306	55962	47316	0
11	A	0.021285316443150674	101418	88628	111109	106040	0
11	,	0.002594362750991567	11746	8200	14681	15004	0
11	7	0.00013883716762977982	608	489	882	677	0
11	#	5.22730299810918e-08	0	0	0	0	1
11	(	1.9341021093003966e-06	0	17	20	0	0
12	F	0.05483874711165373	238206	248643	296292	265942	0
12	,	0.002671831381423545	11464	8463	15785	15401	0
12	K	0.911760511740418	4273166	4470875	4580095	4118138	0
12	A	0.020846222991309504	95472	84516	112683	106124	0
12	<	0.009650489976019225	42014	37628	56613	48362	0
12	7	0.0002287990522272388	935	792	1608	1042	0
12	(	3.397746948770967e-06	1	23	40	1	0
13	F	0.05584353929395028	243079	274242	311875	239109	0
13	<	0.009966114531045057	44242	43253	60251	42909	0
13	K	0.9109217387013414	4288456	4726392	4693621	3717759	0
13	A	0.02043284787021903	96453	90893	113239	90302	0
13	,	0.0025843786022651787	11570	9411	15950	12509	0
13	7	0.00024369686577184997	1122	898	1612	1030	0
13	(	7.631862377239403e-06	10	34	88	14	0
13	#	5.22730299810918e-08	0	0	0	0	1
14	F	0.0544180537663659	226225	287884	292592	234334	0
14	K	0.9124873159492751	4156871	5018329	4542863	3738115	0
14	<	0.009853675243555729	41208	48084	56352	42860	0
14	A	0.02038543623202618	91041	98760	108529	91650	0
14	,	0.002591487734342607	10453	10733	15401	12989	0
14	7	0.00025974468597604513	1155	1146	1500	1168	0
14	(	4.286388458449528e-06	6	32	36	8	0
15	F	0.05609533847936919	230584	269728	291684	281126	0
15	K	0.9094059253779497	4105473	4653900	4436805	4201052	0
15	A	0.02087079131540062	91058	90207	107588	110412	0
15	,	0.0028223254347391085	10860	9435	16043	17654	0
15	<	0.010473999290341344	41859	44263	58661	55588	0
15	7	0.00032404051285278806	1328	953	1841	2077	0
15	(	7.579589347258311e-06	4	29	94	18	0
